10 128 55 0 4 10 11 12 13 179
11 55 55 0 6 10 11 12 13 179 22 163
31 55 55 0 6 10 11 12 13 179 22 163
60 128 55 0 4 10 11 12 13 179
811 55 55 0 6 10 11 12 13 179 22 163
831 55 55 0 6 10 11 12 13 179 22 163
1010 128 55 0 4 10 11 12 13 179
1070 128 55 0 4 10 11 12 13 179
2010 128 55 0 4 10 11 12 13 179
2070 128 55 0 4 10 11 12 13 179
1 128 55 1 4 1 2 3 4 182
51 128 55 1 4 1 2 3 4 182
300 1 99 1 1 50 80
301 1 99 1 1 50 80
310 22 99 1 1 61 72
311 22 99 1 3 61 72 22 20
321 1 99 1 1 50 80
331 22 99 1 3 61 72 22 20
370 1 99 1 1 50 80
380 22 99 1 1 61 72
701 1 99 1 1 50 80
711 22 99 1 3 61 72 22 20
721 1 99 1 1 50 80
731 22 99 1 3 61 72 22 20
1001 128 55 1 4 1 2 3 4 182
1061 128 55 1 4 1 2 3 4 182
1101 1 99 1 1 50 80
1111 22 99 1 3 61 72 22 20
1121 1 99 1 1 50 80
1131 22 99 1 3 61 72 22 20
1300 1 99 1 1 50 80
1310 22 99 1 1 61 72
1360 1 99 1 1 50 80
1370 22 99 1 1 61 72
2300 1 99 1 1 50 80
2310 22 99 1 1 61 72
2370 1 99 1 1 50 80
2380 22 99 1 1 61 72
