2 101 55 0 5 1 2 3 4 200 155
13 33 5 0 1 20 49
22 101 55 0 5 1 2 3 4 200 155
33 33 5 0 1 20 49
210 99 77 0 5 40 41 42 43 44 7
270 99 77 0 5 40 41 42 43 44 7
402 101 55 0 5 1 2 3 4 200 155
413 33 5 0 1 20 49
422 101 55 0 5 1 2 3 4 200 155
433 33 5 0 1 20 49
802 101 55 0 5 1 2 3 4 200 155
813 33 5 0 1 20 49
822 101 55 0 5 1 2 3 4 200 155
833 33 5 0 1 20 49
2210 99 77 0 5 40 41 42 43 44 7
2280 99 77 0 5 40 41 42 43 44 7
12 33 5 1 2 20 21 38
62 33 5 1 2 20 21 38
211 99 77 1 7 40 41 42 43 44 7 100 103
231 99 77 1 7 40 41 42 43 44 7 100 103
611 99 77 1 7 40 41 42 43 44 7 100 103
631 99 77 1 7 40 41 42 43 44 7 100 103
1012 33 5 1 2 20 21 38
1072 33 5 1 2 20 21 38
2012 33 5 1 2 20 21 38
2072 33 5 1 2 20 21 38
